[gd_scene format=3 uid="uid://dbc4c0kprlfw1"]

[ext_resource type="Script" uid="uid://duaw2m4cg8yne" path="res://scenes/entities/weapons/weapon_example/weapon.gd" id="1_7csn7"]

[sub_resource type="BoxMesh" id="BoxMesh_shhgo"]
size = Vector3(0.05, 0.1, 0.6)

[sub_resource type="Animation" id="Animation_7csn7"]
length = 0.001
tracks/0/type = "value"
tracks/0/imported = false
tracks/0/enabled = true
tracks/0/path = NodePath(".:rotation")
tracks/0/interp = 1
tracks/0/loop_wrap = true
tracks/0/keys = {
"times": PackedFloat32Array(0),
"transitions": PackedFloat32Array(1),
"update": 0,
"values": [Vector3(0, 0, 0)]
}
tracks/1/type = "value"
tracks/1/imported = false
tracks/1/enabled = true
tracks/1/path = NodePath("WeaponMesh:position")
tracks/1/interp = 1
tracks/1/loop_wrap = true
tracks/1/keys = {
"times": PackedFloat32Array(0),
"transitions": PackedFloat32Array(1),
"update": 0,
"values": [Vector3(-0.06487011, 0.030798666, 0.54473543)]
}

[sub_resource type="Animation" id="Animation_k5jyp"]
resource_name = "shoot"
length = 0.1
tracks/0/type = "value"
tracks/0/imported = false
tracks/0/enabled = true
tracks/0/path = NodePath("WeaponMesh:position")
tracks/0/interp = 1
tracks/0/loop_wrap = true
tracks/0/keys = {
"times": PackedFloat32Array(0, 0.03333334, 0.1),
"transitions": PackedFloat32Array(1, 1, 1),
"update": 0,
"values": [Vector3(-0.06487011, 0.030798666, 0.54473543), Vector3(-0.065, 0.031, 0.445), Vector3(-0.06487011, 0.030798666, 0.54473543)]
}
tracks/1/type = "value"
tracks/1/imported = false
tracks/1/enabled = true
tracks/1/path = NodePath(".:rotation")
tracks/1/interp = 1
tracks/1/loop_wrap = true
tracks/1/keys = {
"times": PackedFloat32Array(0, 0.033333335, 0.1),
"transitions": PackedFloat32Array(1, 1, 1),
"update": 0,
"values": [Vector3(0, 0, 0), Vector3(-0.17453292, 0, 0), Vector3(0, 0, 0)]
}

[sub_resource type="AnimationLibrary" id="AnimationLibrary_euy61"]
_data = {
&"RESET": SubResource("Animation_7csn7"),
&"shoot": SubResource("Animation_k5jyp")
}

[node name="Weapon" type="Node3D" unique_id=631633767]
transform = Transform3D(1.000002, 0, 0, 0, 1.0000018, 0, 0, 0, 1.0000017, 0, 0, 0)
script = ExtResource("1_7csn7")

[node name="WeaponMesh" type="MeshInstance3D" parent="." unique_id=1969544620]
transform = Transform3D(0.9799909, -0.16024761, -0.11806446, 0.16769624, 0.984244, 0.05605383, 0.107221745, -0.07473117, 0.99142283, -0.06487011, 0.030798666, 0.54473543)
mesh = SubResource("BoxMesh_shhgo")

[node name="RightHandTarget" type="Marker3D" parent="WeaponMesh" unique_id=1165135370]
transform = Transform3D(-0.93547857, -0.11943355, 0.33258927, 0.27662104, 0.33819544, 0.89950216, -0.2199099, 0.9334657, -0.2833369, -0.07052627, -0.09622729, -0.37658262)

[node name="LeftHandTarget" type="Marker3D" parent="WeaponMesh" unique_id=809263303]
transform = Transform3D(-0.033516478, -0.8376155, 0.54522973, 0.99307877, -0.0893494, -0.076215774, 0.112555556, 0.53890264, 0.83481246, 0.08704407, -0.08614731, -0.10631305)

[node name="AnimationPlayer" type="AnimationPlayer" parent="." unique_id=840528988]
libraries/ = SubResource("AnimationLibrary_euy61")
